0 0 111 381 415 514 585 690 783 784 954
1 153 732
2 962
3 634
4 588
5 36 63 603 949
6 64
8 1986
9 158 202 260 559 970
11 945
12 508 1741
13 250
14 868
16 145
18 59
20 6
21 1678
22 118 303 335 455 469 668 899
23 309
24 127 392 406 685 952
25 69 357 655 888
27 393
28 48 54 105 153 633 987
29 793 818 859
30 1203 1239 1282 1650 1991 2064 2149
31 1282 1357 1489 2665 2774 2812 1740 646 732 3028 779 882
32 592 686 687 697 845
33 260
34 366 1587 573 697 828 829
35 500
37 1267 182 2464 444 1724 828
39 1010
40 146 148 411 480 621 625
41 2773
44 868
45 751
47 213
48 106
51 355 356 438 470 481 597
53 161
55 3279
56 3291
57 1127 1253 157 1536 1608 1636 1682 1769
58 302 697
60 443
61 944
62 802
63 949
64 91 239 569
65 152
67 54 176
69 355 356
70 750
71 190
77 813
78 732
79 1019 37 103 2460 2677 460 1724 828
84 743
85 619 697
86 26 262 272 460 461 585 769 1006
87 87
88 154 1281 779 1998 1999 2073
89 546
96 997
97 36 63 949
99 931 952
100 680
102 267
104 131 134 140
105 176
108 1494 2125
110 584
113 382
115 671
117 117
119 810
120 634
121 866
123 310 547 669
124 881
126 617
130 182
141 1002
144 141 453 1002
146 907
149 149
150 326
152 573
158 970
160 854
164 952
167 639
170 494
172 1168 1934
173 108 384
175 479
178 228 232
179 1075 267 297 438 573 646 779 1921 1991
183 2207 185 605 3117
184 54 106 422 539 1761 694 697 714 3252 999 1000
192 607
201 1494 2125
202 255
203 239
204 204 650
207 499
209 347
217 724
218 65 1247 1489 2638 1724 725 732 2104
230 146 148 177 480 621 625
243 617
245 722
262 541 673
263 26 122 344 424 425 426 566 768 769 796 840
264 723
265 69 107 501 502 567 655 888
266 65 88 152 297 685 3191 905 2081
268 561
269 80
270 868
271 690
272 103 262 285 516 827 887
273 433
274 36 63 83 735
275 28 54 105 1249 153 469 619 697 956 1000
276 69 107 555 580 581 827 888 901 902
278 1267 182 2464 444 1724 828
279 2292 210 358 2969 3006
280 324 350
281 418 584 861
282 631
283 311
284 732
285 94 159 356 445 697 896
286 545
287 170 675
288 917
289 732
290 163 252 260 784
291 67 106 152 153 154 216 317 336 356 445 470 501 516 590 1714 640 673 683 694 708 746 3130 926
292 233
293 169 213 396 397 651
294 588
295 228 236 475 602 634 732 771 882
296 25 69 655
297 122 127 1232 504 3015 797 802
298 1010
299 468
300 418
301 68
302 251 438 746 911
303 841
304 634
305 232 236
308 1986
309 161
311 2530
312 315
313 315
314 315
316 622
318 51 597
319 135
320 1009
323 109 512 513 514
325 326
326 350 591 1701 917
328 617
329 36 63 114 661 821 948
330 137
331 66
332 2342
333 722
337 675
338 69 107 463 555 580 581 827 888 902
339 2799 1858 813
341 868
342 771
343 1804
344 2570
348 170 630
349 1177 575 619
350 515
352 2583 353
353 421
354 2259 2407 2579 2580 351 2585 2770 1958
355 356
359 358
360 361
362 971
363 363
364 51 167 244 251 253 259 302 355 365 382 470 481 483 516 523 525 550 673 701 706 745 746 777 804 910 911 918
365 2446
369 651
370 1337
371 895
372 69 107 501 502 655 888 1007
373 94 2463 251 262 374 445 3014 3015
374 94 444
375 630
378 2339 2596 947
381 119 606 684 713
383 108 514
384 514
385 386
386 202
387 202 434 649
388 579 676
389 196 334 467 579 636 936 973
390 7 10 15 22 51 54 58 82 85 94 98 103 147 151 153 154 155 156 167 176 180 182 200 219 221 231 233 244 248 254 259 303 336 355 363 382 445 450 455 456 462 481 482 483 504 507 516 523 525 550 557 573 576 597 608 658 668 669 673 680 694 697 698 700 701 706 708 711 727 744 746 799 802 804 812 896 899 906 929 1000
391 189
392 592
395 397
396 213 293 397 723
397 213
398 820
400 402
401 402 405
403 405
404 401 405
405 2134
406 789
407 812
408 516
409 191
410 174 241 316 411 570 622 975
413 2466
414 58
416 142 146 198 351 418 453 499 879 1003
417 810
418 146 453 1002
419 360
420 233
421 1262
422 48 54 105 106 153 194 469 633 714 1899 987
423 952
424 426
425 426
428 673
429 284 1408 305 1409 601 1710 1721 732
430 732
431 868
432 433
433 915
434 506
437 438 711
438 251
439 58 94 167 212 244 253 259 302 332 355 364 365 414 444 445 481 483 517 525 597 668 669 680 697 747 755 804 918
440 10
441 1236 2447 1478 1531 2665 2765 645 1801 774 2168
442 106
443 443
444 94
445 94 194
447 93 213 256 296 535 778 800 921
448 810
450 449 560 710 896
452 605
454 817
456 147
457 458
459 573
460 154 263 685 3156 3159 1006
461 25 888
462 167
465 466
469 586 697
471 2221 31 1075 1199 122 127 1232 179 262 272 1357 285 1383 338 504 510 541 556 566 2812 697 732 797 802
472 142
474 90
476 475
477 346 753 951
478 868
481 51
482 481 697
483 51 244 253 355 481 516 525 597 702 706 708 918
486 138
487 42 271
488 17 39 42 367 368 488 489 569 790 833 834 955 964 1010
490 805
492 570
493 492
495 19 75 139 667 743 935 979
496 142
497 145
498 239
501 1007
502 107 501 755 1007
503 634
504 159
505 56 69 78 172 534 562 732
506 171 394 843 939
507 206
509 174
510 566
514 323 868
517 310 525 673 871
518 952
520 170
521 701
522 54 105 106 1249 1374 1460 1464 469 619 697 956 987 999 1000
523 261
524 971
525 590
528 528
530 879
531 188 810
533 533 534
534 732
537 655
538 673
539 86
540 784
541 507
542 145 791
544 14 286
546 548
547 159 244 259 572 573 590 697
551 679
552 952
553 2728 2791 673 1921 2161
554 58 106 422 469 1642 1000
556 2266 257 462
558 475
561 655 669
564 132 536 775
566 152 771 802
567 1650
568 158
571 95 234
572 180 549 697 841
573 829
574 95 549 572 697
575 549
577 3209
581 580
582 200
583 158
584 202 386
587 808
588 952
589 129 134 140
591 724 978
592 235
595 593
596 496
598 151 599
600 671
601 17
604 59
605 185
606 199
608 167 168 578 597 639 706 773 896
609 462 828
610 135
611 950
612 52 271 569 583 955 965
613 955
615 217 306 350 1509 592 3205 3217
616 7 67 481 549 571 572 575 1714 668 694 714 748 2018 998 999 1000
618 240
619 220
620 621
621 623
623 623
624 623 625
625 229
627 823
628 1461
629 350 515 629
631 70 226 241 403 492 620 750 979 980 988 995 1003
635 491
637 149 150 324 325 326 552
638 128
639 640
640 639
641 157 719
643 35 38 64 83 121 239 271 313 641 661 682 808 814 840 866 893 923 994
644 42 271 1010
646 1282 549 1650 732 1895 2064 2150
647 197
648 299 2865
650 957
652 397
653 225
654 202 214 240 255
655 508
656 166
657 656
658 82
659 70 208 211 241 330 495 660 750 877 979 980 1003 1009
660 40 986
661 36 63 191 313 314 328 603 617 674 726 735 835 836 852 877 948
662 877
663 6 20 643 657 831 858
664 502
665 727
666 667
668 251
669 251
670 205
672 2420 2437
673 376 711 762 802 839
674 72
676 2985
677 1394 1747 678 1984 868
678 44 1747 1984 867
679 680
681 219 231 248
682 91 210 239
684 216
685 322 592 665 687 697 845
688 180
689 573
691 134 250 499 511 519 690 898 935
693 400 401 405
695 1301
696 614
697 224
698 85 95 180 303 456 481 549 574 575 619 668 694 700 701 805 904
699 22 34 54 85 98 105 106 153 155 516 619 668 669 697 700 701 714 746 748 755 842 987 999 1000
700 366 697
701 668
704 239 563 751 752
705 432
707 708
708 223
709 707
712 935
714 28 67 105 106 956 987 999 1000
715 610
716 2381 2961
717 180
718 877
719 347
722 721
725 2400
727 728
729 1009
730 320
731 139 166 907
734 751
735 77
736 320
737 320 730 736
738 789
739 235 464 592 738
741 1009
742 475
743 979
745 251 356 438 516 746 804 910 911
747 51 355 356 481 504 516 746 804 910
748 28 48 54 105 106 1761 697 714 956 987 998 999
749 634
750 712
751 752
753 160 195 227 559 579 628 811 874
754 802
756 389
757 758
758 758
759 193
760 193
763 50 93 427 800 805 825
764 723
765 363
766 668
767 467 494
768 665 727 728
769 1231 1234 1273 2686 685 686 687 2157
770 771
772 516 706 746 804 896 911
773 356 706 773
776 883
780 88 1203 1239 1282 262 267 1650 1664 1788 732 1895 1921 2064 2149
781 2585
782 162 2639 2640
783 290
787 722
788 89 319 546 579 875
791 188
792 29 793
793 740 818 859
794 240
795 91 1794 1811
798 713
799 332 390 391 639 640 701 707 708 777 803
800 93
801 754
804 911
805 746 804
806 247
809 807 808
810 246
814 121 188 519 723 786 807 808 816 866 884
816 121 866
817 1002
819 634
821 3013
822 144 145 146 242 360 412 417 418 472 473 810 879
824 970
825 321
828 2460
830 176
831 834
832 17
834 964
836 837
837 835
838 108 201 383 384
842 180 842
846 170 287 848 850
847 43 46 49 81 138 181 186 187 191 202 242 394 409 435 436 506 509 519 520 526 527 529 542 583 593 712 723 730 741 760 761 785 788 814 816 826 843 966 980 984 996
848 348 509 515 814 816 980 983 985
849 607
850 313
851 2336 543
852 565
853 1252 3296
854 854
855 2282 2441 432 2699 1675 704 733 3107
856 877
857 345
860 214
862 1129 90 1212 474 732 1850 1937 1968 862
863 165 857 865
865 1216 1933
866 569
867 1747
868 632
872 778
873 576
874 2429
876 65 1247 2400 2401 1724 725 732 2104 992 3303
877 718
878 269
880 774
882 779
886 1010
887 1281 262 2728 686 687 697 779 1998
888 357
889 890
891 428 924
892 500
893 703
894 73
897 3093
898 197
900 810
901 902
902 555
903 685
905 2278 88 1231 1234 2669 2728 673 685 687 697 732 768 3040 802 1969 3191 2081 2161
908 852
909 446
912 826
916 36 63 77 274 329 400 617 661 813
917 112 150 325 326 327
919 764
922 896
924 222
925 431
926 253 259 483 918 927
927 147
928 651
930 939
932 202 240 654 869
933 202 247
934 680
936 937
937 877
938 506 939
940 394 938 939
941 938
942 730
943 944
944 258
946 1238
947 974
948 328
951 277
953 684
954 379
956 633 1894
958 844
959 959
960 2415
961 635
963 212
966 186
968 727
969 684
972 3279 971
973 196
976 355
977 355
978 1549
979 237 242 493 885 935 980
980 160
981 982
982 622
985 350 629 917
986 61 84 226 548 642 651 750 875 935 943 959 995
987 176
989 990
991 74
992 725
993 605 1721
994 752
995 935
996 751 752
998 54 67 105 106 998 1000
999 54 67 105 106 714 956 987 998
1000 67 998 1000
1001 7 762
1003 247
1004 7 122 1336 355 365 501 502 516 1597 802 901 920
1005 51 1197 1336 481 1586 2860 920
1006 779
1008 455
1011 1034 2029
1012 2031
1013 1417 1427 2024
1014 1059 1378
1015 1439 1440 2093
1016 2138
1017 1264 1549
1018 1524
1019 2064
1021 1176
1022 1907
1023 1875
1024 1527
1029 1100 1109
1030 1244
1031 1487 1488 1872
1032 2117
1033 2014 2015
1034 1665
1035 1491
1036 1485
1037 1309 1679
1038 1107 1174 1404 1536 1636 1769
1039 1212
1040 1076 1078 1309
1041 2036
1042 1037
1043 1138 1828 1893 2165
1044 1274
1045 1453 1704 1705 1944 1954 1980 2002
1046 1302 1521 1532 1891 1902 2024
1047 1127 1442 1636 1679 1776
1048 1028
1049 1049
1050 1254
1051 1253
1054 1491
1055 1962 1963
1056 1056
1057 1254
1058 2024
1059 1014 1365
1060 1123
1061 1943
1063 1229
1064 1811
1065 1093
1066 1171 1961 1963
1067 1251
1068 1209 235 1515 592 1718
1070 1236
1071 1744
1073 1075
1075 1169
1076 1078
1077 1527
1078 1190
1079 1227 1245 1651 1823 1931
1080 1189 1583
1081 1141
1083 1083 1196 1439 1440 1912 1939 2093
1084 2158
1086 1480
1088 1236
1090 1174 1404 1608
1092 2009
1093 2026
1094 1676
1096 1490
1098 133
1100 1579
1101 1118 1441 1609 1840 1864 2132 2170 2171
1102 1673
1103 2103
1106 1339
1107 1200 1425
1108 1317
1113 1395
1114 2058 2059 2104
1116 1893
1119 1119
1120 1210 1604 1606 1818
1121 1674
1125 1250 1286 1302
1128 1588
1129 1937
1131 1885
1134 1422
1135 1747
1136 1494
1137 1964
1138 2168
1141 1248
1143 2103
1145 1139
1147 1952
1148 1403 1687 710
1150 1236 1262 1294 421 1506 1508 1659
1151 1301
1152 2949
1153 1342 1629
1154 1117
1155 1213
1158 1214 1571
1159 1287
1160 1160 2083
1165 1788
1168 1511 873 2096 2106
1174 1200 1404
1175 278 1385 2173 2174
1176 1897
1178 1871
1180 1196
1183 1836
1185 1945
1186 1648
1193 2112
1197 1587
1202 1841
1203 1432 1964
1204 1208
1206 1210 1256 1606 1818
1209 1748
1219 1236
1220 1075 1199 1387
1222 1807 2044
1223 1711 1712 1964 2099
1226 235 592 1821
1227 2792
1230 1191 1514 2097
1236 2024
1241 1514
1242 1236
1243 1505
1247 1330
1253 1253
1254 1721 754
1255 1255
1256 1818
1261 1750
1264 1284
1268 2120
1273 1339 1668 1714
1277 2043
1278 2020
1279 1976
1291 1344
1292 1854
1293 1930
1297 1089 1725
1307 2036
1310 2116
1312 1019
1314 1583
1338 1332
1343 1412 1881
1347 1089
1348 1965
1349 1290 2124
1351 1893
1352 1449 1539
1353 1965
1354 2856
1356 2061
1357 2774
1359 1583
1363 1946
1366 2043
1368 1414 1415 1476
1371 2140
1372 1904
1373 1083 1152
1374 1061 1062 1177 1410 1726 2035 2149
1376 762
1379 1074 1462 1605
1380 1014 1378 1591
1381 1268 2079
1382 1889
1383 1272 1649 1650 1956
1385 1385
1386 1358 1384 341 1757 1758
1387 1169
1388 1983
1389 1146
1390 1672 1688
1391 1582
1392 1090
1395 1313
1396 1236
1397 2093
1401 1401
1405 1445
1406 1080 1314 1364 1367 1370 1380 1584 1658 1715 1732 1733 1736 1737 1822 1941 2070 2135
1407 1179
1408 1715
1409 1745
1411 1225
1413 1240
1414 1025 1368 1415 1476
1416 1144 1231 1234 1249 1431 2157
1418 1306
1419 1921
1420 432 2699 1770 3107
1421 1765 1933
1423 1542 1845 1980
1424 1628
1426 2119
1428 1429
1431 2193
1435 1436
1436 1434
1437 1388
1438 1342
1439 1440
1443 1535
1444 1440
1445 2024
1446 1377 1447 1448
1448 1602
1450 2119
1451 1287
1454 1273
1455 2072
1456 1228 1232 1235
1457 1550
1458 1850
1459 1104
1460 1061 1124 1140 1218 1374 1464 1761 1781
1461 1243 1648 628
1463 1590
1464 1184
1465 1298
1466 2045
1467 1467
1468 1467
1469 686
1470 1453 1705 1944 1954 1955 1980 2002
1472 1585
1473 1304 1472 1570
1474 2065
1475 2036
1477 1909
1478 1439
1479 1480 1661 2012
1481 1144
1482 1482
1483 1310
1484 1346
1488 1872
1492 1157 1492
1493 1738
1494 2125
1496 1746
1497 1497
1498 130
1500 1070 1089 1163 1236 1347 1417 1499 2024
1501 1502
1503 1285
1504 1932
1506 1294
1507 1150
1509 149 150 1262 324 325 326 327
1510 1700
1511 2134
1512 1409 1824
1515 1748
1516 1329 2470
1517 1162 1268 1331 2079
1518 1519
1519 1216
1520 1233
1521 3255
1522 1319
1523 1826
1524 1168 1254 1581 2041
1525 1661
1526 1761
1528 1255 2738 2765 1723 1814 2970
1530 2008
1532 1286 1532
1533 710
1537 1394
1538 1248
1539 1207
1540 1266
1541 1540
1542 1422 1980
1543 2293 1326 828
1545 80
1546 1763
1549 1549 978
1550 1235
1553 1554
1554 1553
1555 1555
1556 1555
1557 1558
1560 1339 341 1668
1562 1321
1564 1110 1563
1568 1226 235
1573 1287
1574 1280
1577 1494
1578 1530
1580 2043
1582 2078
1583 1189
1584 1314
1585 1629
1586 1336
1588 1235
1589 1128 1590
1590 1128
1592 1593
1594 1593
1595 1596
1597 1598
1599 1076 1600 1613 1685 1950 2074
1601 1569
1602 1829
1606 1604
1609 1842
1611 2155
1612 1263
1613 1190
1614 1773
1615 1037 1042 1614
1616 1616
1618 1452
1619 1188
1620 2138
1621 2137
1622 1275
1623 1623
1624 1549
1625 1315
1626 1224 2009
1628 206
1630 14
1631 1129
1632 1801
1633 645 774
1634 26 2244 2257 1138 1828 1893 2139 2165
1636 1253 1682
1637 1181 1318 1375 1977 2026
1638 1181 1375 1637 2013
1640 1810
1642 1284
1644 1719
1645 1488
1646 1131 1262 1321 421 1883 1885
1648 1243
1649 1272
1652 1868
1653 1237
1655 1422
1657 1080 1189 1314 1359 1584 1735 1736 1737
1659 1659
1660 1661
1661 1098
1662 1326
1664 779 1991
1667 2328 2460 1326 3028 828
1670 1671
1673 1639
1674 1482
1675 1216 1240
1677 1724
1678 1198 1281 1469 686 2073
1680 1014 1378
1681 1409
1683 1325 1684
1686 1559
1687 421 1508
1689 1830
1690 1122 1478 1528 1891
1691 1815 1992
1692 1593
1693 1260
1694 1810
1695 1690 1828
1696 1697
1699 1334
1701 149 150 325 326 327 2057
1702 1703
1704 1285
1705 1704
1706 1224 1243 1258 1612
1707 2275 1511
1708 1214 2753
1709 2072
1710 1172 305 1512 1513
1716 1082 1139 1716 1717
1717 1716 1717
1720 1747
1722 2068
1724 1267
1725 1417 1545 2024
1727 1514 1811 2097
1728 1085
1729 1717
1730 1192
1731 1080 1194 1359 1364 1583 1584 1657 1680 1731 1735 1736 1737 1985
1732 1657 1731
1733 1059 1495
1735 1314 1359 1737
1736 1314 1359 1583
1737 1359 1736
1740 1282 1741 1766
1743 2394 1874
1744 1014 1059
1745 1269
1749 1235
1751 2106
1752 1949
1753 1628 1949
1754 1641
1755 1835 1836
1756 1785
1759 1486 1946 1947
1760 1953
1762 1911
1764 1811
1766 1282
1767 1099
1768 1767
1769 1174
1770 1298 2123
1771 2123
1772 2009 2092
1775 1776
1776 1107 1174
1778 1778
1779 1523
1780 1288
1781 1774
1782 1576
1783 1471
1786 1784
1787 1052 1254 1288 1654 1780
1788 1239
1789 2363
1791 1476
1792 1794
1793 1777
1794 1793
1795 1164
1796 1326
1797 1727
1798 2108
1799 1540 2044
1801 2024
1803 1222
1804 1334
1806 1805
1808 1808
1809 1974
1810 1315
1812 1813 2152
1815 1992
1816 1727
1817 1623
1818 1256
1819 2048
1820 1259 1270 1669
1822 1130
1823 1651
1827 2072
1831 1336
1832 1833
1833 2154
1834 1837
1835 1836
1838 1834 1836
1839 1325
1841 1183
1842 1139
1843 1738
1847 1790
1848 1205 1216
1850 1212 1281 1937 1998 1999
1851 1633 2995 3009 2168
1852 1257 1340
1853 1582
1856 1868
1857 1193 577 1858 1859 1966
1858 3013
1859 404
1860 1132 1236 1668
1861 1266
1862 1430
1863 1336
1864 1095 1552
1865 1271
1866 1141 2167
1867 1866
1869 1873
1870 1337 1944 1945
1873 1663
1875 1988
1876 687
1877 1502
1878 1096 1265 1465 1684 2072
1879 2012
1880 1257
1882 2101
1883 1885
1884 1885
1886 1944
1888 1887
1889 1344
1890 1253
1891 1236
1892 1296
1893 1894
1894 1893
1895 1991
1896 1176 1393 1607
1898 1899
1900 1811
1901 1300
1902 1302
1903 1624 2032 2033
1905 1360
1906 3123 2048
1908 1166 1689
1910 1911
1911 1248
1912 1083
1913 2143
1914 1914
1915 1790
1916 1422 1572 853
1918 1188 1298 1308 1739 1811 1917 2023 2094 2095 2148 2151 2159 2175
1919 1873 1920
1920 1111 1855
1922 1901
1924 1404 1911
1925 2075
1926 1344
1927 1784 1785
1928 1784 1785 1790 1927
1929 1698
1930 1487
1931 2420
1935 1567 1576 1936
1937 1212
1938 1019
1940 1918
1941 1030
1942 1050
1944 1945
1946 1759
1948 1825
1949 1628
1952 1112
1956 251
1957 1026
1959 1958
1966 2112
1967 1013 1725
1968 474
1970 1398 1399 1400
1971 1400
1972 1609 1643 1964 1968 2160
1975 1973
1976 1999
1977 1327 1974
1978 1449
1979 1514 2149
1980 1285 2033 2112
1984 1747
1985 1350 1584 1734
1986 1747
1988 1987
1989 1241 2149
1990 762
1991 1921
1994 1819
1995 1997
1996 1179
1997 1179
1998 1281
1999 1281
2000 1845
2002 1452 1955
2003 1487
2004 1461 1571
2005 1332
2006 1214 1258 1571 2005 2109 2110 2112
2007 1034
2008 1341
2009 1224
2010 2011 2012
2011 2012
2014 1033 2015
2015 2014
2016 2017
2018 1295
2019 1400
2021 2079
2022 1402 1784 1790 1927
2025 1235
2027 1093
2030 2090
2031 946
2033 2032
2034 1289 1981
2039 2038
2040 2029
2042 1283
2046 1133
2048 1846
2049 1151 1252 1308 1703 1846 1964 2001 2032 2033 2048 2050 2075
2050 1285 1332 1423 1542 1648 853 1980 2032 2112
2052 1463 1490 1590 2025
2053 1273
2054 2072
2055 2056
2056 1341
2060 1201
2063 1048
2064 2065
2066 1788
2067 2067
2068 1345
2069 2068
2076 1245
2077 2175
2080 1300 1333 1704 1926 1954
2081 1305 665 2161
2082 2082
2083 1356 1369 1637 2082
2084 2104
2085 2087
2087 2086
2088 1372
2089 2087
2091 2064
2098 1276
2100 2102
2101 2102
2105 1100 1144 311 1579 3044
2106 1751
2107 2108
2109 2110
2110 2112
2111 2112
2112 1332
2118 2024
2119 1536
2121 1299
2126 2062
2128 1244
2130 963
2131 2129
2135 1194 1680 2141
2136 1747
2137 1069 2147
2139 1255 1498
2142 2144
2145 2054
2146 2162
2148 1203
2149 1921
2151 1433
2153 1800
2155 1611
2156 1072
2157 1231
2159 2175
2160 1968
2161 1921
2164 2163
2166 1170
2168 2168
2169 1170 1529 2166
2171 2172
2174 1385
2175 2122
2177 2903
2179 2200
2183 2677 3156
2184 2356
2185 2539
2186 3139
2187 2666
2188 3300
2189 2303
2190 3145
2192 2488
2195 2195
2196 55
2197 2504
2198 2198
2199 3025
2201 2201
2202 2460 779 3162
2203 2911
2205 2900
2206 2675
2207 2632
2210 1707
2211 2326
2212 2423 3132
2213 2244
2214 2845
2217 3037
2218 3194
2219 2391
2220 2220
2221 2665 3115
2222 2567
2224 2779
2225 2398
2226 2341
2228 3299
2229 2597
2231 2231
2232 2540 3203
2233 3158
2235 2235
2236 2193
2241 2691
2242 2665
2243 3074
2245 2310 2390
2246 2246
2248 2746
2249 2249
2250 2904
2252 3310
2256 2256
2257 3021
2258 2476
2259 2427 2442
2261 2356
2262 2412
2263 2951 1813
2264 2223
2265 2204
2273 2273
2274 3127
2276 626
2277 3029
2278 1198 1469 686
2281 2198
2282 1518
2285 2616
2288 2311
2296 2763
2298 3023
2299 2259
2302 2284
2305 2905
2306 2356
2312 3148
2314 3282
2316 2406
2317 2457
2319 2561
2320 2401
2322 3203
2324 2324
2325 2594
2327 3221
2328 3153
2329 2329
2332 1173
2333 2500
2335 3200
2338 3059
2339 2596
2340 2400
2344 2624
2345 2230
2347 2860
2348 2548
2350 2793
2351 3013
2352 2479
2353 2565
2357 2354
2360 2839
2361 130 3255
2362 614
2364 2418
2365 3285
2368 2368
2369 3070
2371 377
2372 2372
2374 2420
2375 2269 3213 3216
2376 2965
2378 2683
2388 2388
2394 2397
2395 3181
2404 2960
2406 2406
2416 2629
2420 2437
2422 2371
2426 2756
2430 2430
2434 2767
2436 2436
2438 2465
2440 2425
2448 2563
2455 2851 861
2462 2908
2467 2470
2486 2583
2487 3185
2489 2391
2490 2578
2491 2223
2493 2854
2494 1198 1469 686
2496 2496
2499 2191
2500 2500
2501 2861
2502 2377
2507 3074
2508 2215
2509 2638 3301
2511 3206
2512 2182
2514 2599
2515 3133
2517 2367
2518 2846
2519 2254
2520 3024
2521 2557
2522 3223
2523 2431
2525 2446
2528 2342
2530 2529
2531 2533
2534 2473
2535 2534
2536 2280
2537 2537
2538 2309
2540 2469
2541 2542
2545 3274
2546 2191
2547 2893
2550 3005
2551 2551
2552 2478
2553 2402
2554 2255
2556 3255
2558 2224 3022
2559 246
2560 2581
2562 2563
2564 2359
2566 2567
2568 2757
2569 2729
2571 2570
2572 3192
2573 2965
2574 3217
2575 3163
2579 2407
2580 2579
2582 2662
2584 2672
2585 2584
2586 2584 2585
2587 2587
2589 2589
2590 2178
2591 2697 821
2592 3296
2593 2199 62 3166 3187
2594 2595
2595 2594
2598 2548
2599 3093
2600 3109
2601 2642
2603 2271 2602
2604 2766
2606 2607
2607 2608
2611 2612
2613 2605
2614 2619
2615 2615 2616
2616 2617 2618
2618 2617
2619 2618
2621 2620
2622 2859
2623 2792
2624 2456
2625 2626
2627 3018
2628 2380
2630 2321
2631 2481
2633 2577
2636 2635
2640 2639
2641 3117
2642 2601
2643 2645
2644 2645
2646 2282
2648 2648
2650 2660
2651 692 2994 914
2652 2271
2654 1529
2655 2690
2656 2194
2657 2447 1302 2658
2658 2657 2658 1531 1532
2661 2661
2663 2664
2664 2044
2668 2670
2669 2463 3191
2671 2439
2674 2674
2678 2382
2679 2679
2680 2680
2682 2682
2684 2378 2683
2686 1714 686 687
2688 2687 2689
2689 2687
2693 2373
2694 2505
2695 2498
2696 1867 3144
2699 2441
2700 3231
2702 2647
2704 2602
2705 2864
2706 2445
2708 2825
2709 2681
2710 2761
2711 2438 2465 2531 2667 2813 3244
2713 2653
2714 2939
2715 2475
2716 2717
2719 2718
2720 3015
2721 2629
2723 2722
2724 2744
2725 2725
2726 2557
2727 2913
2731 2337
2732 2526
2733 2349 3195
2736 2476
2738 2408
2739 715
2740 2213
2741 2411
2742 2880
2745 122 2588 2665 3115
2747 2748
2749 3264
2750 2279
2752 2889
2753 2387
2754 2755
2758 3063
2759 2610
2762 2204
2764 3224
2768 2315
2773 2783
2774 2293
2776 2267
2777 3088
2778 2724
2780 2870
2781 2392
2782 2782
2784 2402 2432 3031 3094
2785 2402 2405
2786 2386
2788 2787
2790 2857
2794 2795
2795 1241
2796 2999
2797 2249
2798 3243
2799 3128
2801 2800
2802 3092
2803 2803
2804 2524
2805 2805 2807 3113
2806 2807
2808 2354
2809 2734
2810 2525
2811 2226
2812 2539
2813 2438
2814 2815
2816 2383
2817 2472
2818 2819
2820 2889
2821 2268
2822 2822
2823 2610
2824 2977
2827 2873
2828 3219
2829 2933
2830 2291
2831 2307
2832 2286 2323 3160 3161 3200
2833 2744
2835 2370
2836 2358
2837 2882
2839 2840
2840 2839
2841 2842
2843 2276
2844 2227
2847 2849 1807
2852 2853
2853 2852
2855 185
2856 2751
2858 2464
2862 2932
2863 3131
2865 946
2866 3181
2868 2466
2872 2384
2874 3105
2875 2914
2877 2561
2878 2319 2561 3201 3278
2881 3135
2883 2421
2884 2884
2885 2885
2886 2888
2887 2424
2890 2918
2891 2253
2892 2300
2894 2266 3048
2895 653
2896 2897
2897 2895
2898 2362
2901 3279
2902 2541
2906 2484
2910 2451
2912 2453
2916 2576
2917 2301
2919 2638
2920 2920
2921 2922
2923 2692 2924
2925 2925
2926 3249
2927 2363
2928 2822
2929 2867
2930 2419 2980
2931 2497
2932 2862
2934 3270 3271
2935 2180
2936 2869
2937 2938
2940 3076
2941 2389
2942 2915
2943 2482
2945 2355
2946 2789
2947 2876
2948 1173
2949 2949
2953 2956
2955 2251 1173 2503 2760 2948 2954 1813 2958 3173
2956 2950
2957 2959
2960 2404
2962 2962
2963 2834
2967 2966
2969 2292
2971 2417
2973 2973
2974 3077
2975 3118
2976 3303
2977 2824
2978 2978
2979 2599
2981 2549
2982 2707
2983 2454 2984
2984 2454
2985 2454 2986
2987 530
2989 2988
2990 2990
2991 2991
2993 3311
2995 2765
2996 2331 2543 2544 3233
2998 3109
3001 3307
3002 2527
3003 3003
3006 3005
3007 2272
3008 3009
3010 3011
3012 2418
3014 3015
3016 3017
3019 2867
3020 2532 2533 936
3021 2166
3022 2780
3027 3026
3028 779 828 3162
3029 2277
3030 3030
3031 2432
3032 2477
3033 2540
3035 2246
3036 2501
3037 1829
3039 3073
3040 770
3041 770
3042 2539
3043 2419 185 2909 2980 3111 3117
3044 2216
3045 3038
3046 3201
3047 2735
3048 2290
3050 3049
3051 2234 2270 2510 3052
3052 2234 2510
3056 3055
3057 3033
3058 3231
3061 3062
3064 2637
3065 3066
3067 3065
3068 3069
3071 2269
3072 3071
3075 2449
3078 2744
3080 3079
3081 3082
3083 3084
3084 3081
3085 2210 2275 2647
3086 3086
3087 3109
3089 2712
3090 3196
3091 3091
3095 3096 3097
3096 3182
3099 2675
3100 3101
3102 3101
3103 3274
3106 2428
3107 2699 2840
3108 2517
3110 2555
3114 2239
3119 2756
3121 3122
3122 194
3123 1698
3124 2260 2646 1849
3125 2310 2390 2483 2485
3126 3126
3131 3130
3133 2413
3134 3133
3136 3137
3138 2549
3140 2371
3141 2673
3142 2769
3143 2964
3144 2283
3146 3150
3147 3149 3150
3148 3146
3149 3150
3150 3149
3151 3146 962
3152 3152
3153 2460
3154 2459
3155 2429
3156 3159
3157 2313
3161 2295
3162 2460
3164 2340
3165 2437
3167 2334 3168
3168 2444
3169 3014
3170 2869
3171 2223
3172 2403
3173 2251
3174 2728
3175 3074
3176 2343
3177 3178
3178 2428
3179 3179
3183 404 3184
3185 2864
3186 2381
3188 3189
3189 2366
3190 3116
3193 2294
3195 2746
3197 3197
3198 3199
3199 3199
3202 2468 2540 3033
3204 2468
3207 2257
3208 2791
3209 2393
3210 2970
3212 2208 3216
3213 3211
3215 2287
3218 2433
3220 2972
3225 2968
3226 3227
3227 2346
3228 2456 2037 3228
3229 3230
3232 3233
3234 3205
3235 2845
3236 2480
3237 3238
3239 2772
3240 2435 2883 3222
3241 3242
3244 2438
3246 3245
3250 3251
3253 3252
3254 2297
3256 2653
3257 2414
3258 341
3259 2477
3260 3261
3261 3263
3262 2629 1823
3265 3000
3267 185
3268 3266
3269 2230
3270 2308
3272 2767
3273 446
3274 2351
3275 2410
3276 2450
3277 2771
3278 2701
3280 2330
3281 3222
3283 3284
3285 2365
3286 2379 2437 2703 2721
3288 3287
3289 3248
3290 2444 3167 3168
3291 2318
3292 3292
3293 2624
3294 2495
3297 2685
3298 2743
3303 2399
3305 2654 2166
3306 3302
3308 3309
